100 10000
1956 9013
5517 463
5281 9586
8636 2540
2103 6573
2893 890
639 45
9320 9023
7667 3305
2556 2775
3716 9630
3529 8000
1173 1741
1174 5276
5006 1051
3724 3763
7291 1663
5401 4334
250 1511
7710 3373
5696 4467
8449 3265
7317 3432
6092 7955
6707 4014
8860 411
4603 643
3251 6874
4705 1190
4310 5009
6539 6285
3408 2615
9861 5951
4413 1319
4368 4714
7264 688
6670 4271
2317 1043
9639 353
3792 4872
7240 3770
1348 7002
4687 6325
8253 5750
2464 5509
6543 8704
2963 2989
6004 3998
8148 2198
6698 5899
4929 9532
6050 6149
5168 9041
8802 2255
4246 5768
9252 656
1265 8363
5237 6146
3151 6070
119 5477
7364 9578
3936 809
5320 9771
4952 551
4903 4434
7535 1609
8607 9948
3828 4253
9446 8313
9311 3174
3937 3758
2264 6122
6062 1011
5614 5909
1947 2918
4898 3317
4956 1862
6201 9421
9178 5176
6269 2146
3070 2038
7420 6513
1754 9067
1175 1254
3360 7912
2740 134
5225 1922
6141 2087
111 5553
6751 5234
1331 7331
9452 2696
6329 3783
4810 7162
2055 5043
2322 5136
2762 2751
6977 2387
1856 1815
2314 8002
